##TITLE= Parameter file, TopSpin 3.8.0
##JCAMPDX= 5.0
##DATATYPE= Parameter Values
##NPOINTS= 3	$$ modification sequence number
##ORIGIN= Bruker BioSpin GmbH
##OWNER= nmrsu
$$ 2026-03-25 12:01:11.586 +0100  nmrsu@av600.intranet.nmr
$$ /opt/DATASETS/data/nmrsu/nmr/260324_Ubq_t1t2ne/4/pdata/1/clevels
$$ process /opt/topspin3.8.0/prog/au/bin/clev
##$LEVELS= (0..255)
-60111.2475921599 -51645.1901518757 -44371.4907386363 -38122.2178595732
-32753.0914634631 -28140.1518758854 -24176.8978809601 -20771.8278751466
-17846.3273245038 -15332.8537520959 -13173.3773514489 -11318.0412237314
-9724.01030689325 -8354.4824214196 -7177.83860022551 -6166.9130859375 6166.9130859375
7177.83860022551 8354.4824214196 9724.01030689325 11318.0412237314 13173.3773514489
15332.8537520959 17846.3273245038 20771.8278751466 24176.8978809601 28140.1518758854
32753.0914634631 38122.2178595732 44371.4907386363 51645.1901518757 60111.2475921599
0 0 0 0 0 0 0 0 0 0 0 0 0 0 0 0 0 0 0 0 0 0 0 0 0 0 0 0 0 0 0 0 0 0 0 0
0 0 0 0 0 0 0 0 0 0 0 0 0 0 0 0 0 0 0 0 0 0 0 0 0 0 0 0 0 0 0 0 0 0 0 0
0 0 0 0 0 0 0 0 0 0 0 0 0 0 0 0 0 0 0 0 0 0 0 0 0 0 0 0 0 0 0 0 0 0 0 0
0 0 0 0 0 0 0 0 0 0 0 0 0 0 0 0 0 0 0 0 0 0 0 0 0 0 0 0 0 0 0 0 0 0 0 0
0 0 0 0 0 0 0 0 0 0 0 0 0 0 0 0 0 0 0 0 0 0 0 0 0 0 0 0 0 0 0 0 0 0 0 0
0 0 0 0 0 0 0 0 0 0 0 0 0 0 0 0 0 0 0 0 0 0 0 0 0 0 0 0 0 0 0 0 0 0 0 0
0 0 0 0 0 0 0 0
##$LEVSIGN= 0
##$MAXLEV= 16
##$METHOD= 0
##$NEGBASE= -6166.9130859375
##$NEGINCR= 1.16392731666565
##$POSBASE= 6166.9130859375
##$POSINCR= 1.16392731666565
##END=
