##TITLE= Parameter file, TopSpin 3.8.0
##JCAMPDX= 5.0
##DATATYPE= Parameter Values
##NPOINTS= 1	$$ modification sequence number
##ORIGIN= Bruker BioSpin GmbH
##OWNER= nmrsu
$$ 2026-03-25 14:24:23.274 +0100  nmrsu@av600.intranet.nmr
$$ /opt/DATASETS/data/nmrsu/nmr/260324_Ubq_t1t2ne/11/pdata/1/clevels
$$ process /opt/topspin3.8.0/prog/au/bin/iexpno
##$LEVELS= (0..255)
114.44 -114.44 131.45 -131.45 150.99 -150.99 173.43 -173.43 199.21 -199.21
228.83 -228.83 262.84 -262.84 301.91 -301.91 346.79 -346.79 398.35 -398.35
457.56 -457.56 525.58 -525.58 603.7 -603.7 693.44 -693.44 796.52 -796.52
914.92 -914.92 1050.93 -1050.93 1207.15 -1207.15 1386.59 -1386.59 1592.7
-1592.7 0 0 0 0 0 0 0 0 0 0 0 0 0 0 0 0 0 0 0 0 0 0 0 0 0 0 0 0 0 0 0 0
0 0 0 0 0 0 0 0 0 0 0 0 0 0 0 0 0 0 0 0 0 0 0 0 0 0 0 0 0 0 0 0 0 0 0 0
0 0 0 0 0 0 0 0 0 0 0 0 0 0 0 0 0 0 0 0 0 0 0 0 0 0 0 0 0 0 0 0 0 0 0 0
0 0 0 0 0 0 0 0 0 0 0 0 0 0 0 0 0 0 0 0 0 0 0 0 0 0 0 0 0 0 0 0 0 0 0 0
0 0 0 0 0 0 0 0 0 0 0 0 0 0 0 0 0 0 0 0 0 0 0 0 0 0 0 0 0 0 0 0 0 0 0 0
0 0 0 0 0 0 0 0 0 0 0 0 0 0 0 0 0 0 0 0 0 0 0 0 0 0 0 0 0 0 0 0 0 0 0 0
0 0 0 0
##$LEVSIGN= 3
##$MAXLEV= 20
##$METHOD= 0
##$NEGBASE= -114.44
##$NEGINCR= 1.8
##$POSBASE= 114.44
##$POSINCR= 1.8
##END=
